3
180 180 40 135 136
1 1 16 5
27 27 42 31
53 53 68 57
79 79 94 83
105 105 120 109
131 131 146 135
157 157 172 161
173 173 178 180
14 4 21 12
40 30 47 38
66 56 73 64
92 82 99 90
118 108 125 116
144 134 151 142
170 160 177 168
176 180 180 180
4 7 15 8
30 33 41 34
56 59 67 60
82 85 93 86
108 111 119 112
134 137 145 138
160 163 171 164
176 179 177 180
2 10 23 14
28 36 49 40
54 62 75 66
80 88 101 92
106 114 127 118
132 140 153 144
158 166 179 170
164 172 180 176
5 2 6 11
31 28 32 37
57 54 58 63
83 80 84 89
109 106 110 115
135 132 136 141
161 158 162 167
177 174 178 180